0 0 1 2 0.3960464181 0.2929945412 15.06300651 19.31842408 7.963902138 0.9288206456 0 -0.3705296321 0.3495415798 -0.3317804923 0.8762091011 -0.1229345037 -0.943356616 -0.3081645711 0
0 3 4 5 0.4128057699 0.3053930843 15.06734164 19.69346416 8.210741931 0.9288206456 0 -0.3705296321 0.3477894872 -0.3449311226 0.8718170641 -0.127807202 -0.9386279991 -0.320379148 0
0 6 7 8 0.4589831984 0.4683300515 14.75378577 19.28842544 8.754331884 0.8827475164 0 0.4698476587 -0.3094538912 -0.7524704459 0.5814004792 0.3535464772 -0.6586260153 -0.6642414173 0
0 9 10 11 0.4944915909 0.504561546 14.87215408 19.69346416 8.691403244 0.8827475164 0 0.4698476587 -0.4529289601 -0.2659345107 0.8509607471 0.1249487072 -0.9639910975 -0.2347530289 0
0 12 13 14 0.4563887135 0.290845769 14.7407855 18.71798728 8.341193801 0.5736772052 -0.7799689252 -0.2500858651 -0.4287965319 -0.5461269955 0.7196379916 -0.697873913 -0.3056039602 -0.6477485786 0
0 15 16 17 0.4331700651 0.2760490716 14.85481867 18.74798592 8.031425368 0.5736772052 -0.7799689252 -0.2500858651 -0.4412260685 -0.551512505 0.7079219684 -0.6900826187 -0.2957742933 -0.660532775 0
0 18 19 20 0.4818567433 0.46441269 15.80202098 19.29923921 8.356106313 -0.3762428775 0 0.9265210722 -0.8376206919 0.427428276 -0.3401420959 -0.3960213045 -0.9040492624 -0.1608168445 0
0 21 22 23 0.4878738055 0.470211924 15.49990654 19.69346416 8.44097719 -0.3762428775 0 0.9265210722 -0.5173099735 0.829614987 -0.2100699043 -0.7686557672 -0.5583358965 -0.3121367299 0
0 24 25 26 0.5287601965 0.4134029263 15.83434318 18.73821861 7.925144326 -0.2777884401 -0.9568948932 0.08476877905 -0.935735225 0.2894940204 0.2014765518 -0.2173319382 -0.0233532755 -0.9758183505 0
0 27 28 29 0.4632457177 0.3621814512 15.52789361 18.75740348 7.76317541 -0.2777884401 -0.9568948932 0.08476877905 -0.9536742286 0.2853067371 0.09542290879 -0.1154947979 -0.05433441899 -0.9918209126 0
0 30 31 32 0.4853544282 0.3252637143 15.62311821 18.73094314 8.44074211 0.02350356577 -0.820211901 -0.5715767839 -0.701654389 -0.4207956812 0.5749887938 -0.7121296938 0.3875350722 -0.5853954792 0
0 33 34 35 0.4715425923 0.3160076145 15.20263546 18.72012937 8.588541628 0.02350356577 -0.820211901 -0.5715767839 -0.9996901787 -0.0239682313 -0.006713455502 -0.008193228463 0.5715574874 -0.8205211208 0
1 36 37 38 0.6425703212 0.4339682572 1.805444095 18.2956678 7.660993075 0.7119533605 0.701987459 0.01833084381 0.3861349612 -0.3695467128 -0.8451834232 -0.5865340605 0.608809358 -0.5341619243 0
1 39 40 41 0.6249516597 0.422069264 1.426504095 18.62562706 7.815315233 0.7119533605 0.701987459 0.01833084381 0.6010490528 -0.6226651719 0.501027065 0.3631286942 -0.3456901663 -0.8652374589 0
1 42 43 44 0.6227375797 0.4372226002 0.9521606419 18.30557156 8.46974167 0 0.7297760063 0.6836863174 -0.9999875139 -0.003416520125 0.003646839712 0.004997204183 -0.6836777808 0.7297668943 0
1 45 46 47 0.6333955877 0.4447055627 0.8994147377 18.62562706 8.288632459 0 0.7297760063 0.6836863174 0.8547609025 0.3548482155 -0.3787697764 -0.5190219644 0.5843883337 -0.6237839978 0
1 48 49 50 0.6247538044 0.4807558416 1.553253979 17.80845921 8.247371628 0.9147526943 0.03439122945 0.4025478253 -0.3637425988 -0.3635407953 0.8576301137 0.1758375106 -0.9309432493 -0.3200403668 0
1 51 52 53 0.6706305675 0.5160585828 1.879448075 17.79855545 7.911940258 0.9147526943 0.03439122945 0.4025478253 -0.3678538392 -0.3411164231 0.8650567258 0.1670660386 -0.9393917336 -0.2993862213 0
1 54 55 56 0.6491324554 0.4581580598 1.803652826 19.15532355 8.499763244 -0.7440399421 0 0.6681351394 -0.4893835228 0.6808080411 -0.5449808976 -0.4548717754 -0.7324618838 -0.5065483755 0
1 57 58 59 0.6344186916 0.4477730768 1.426504095 19.14533823 8.302203562 -0.7440399421 0 0.6681351394 -0.382513965 0.8198978249 -0.4259702141 -0.5478025476 -0.5725098747 -0.6100367302 0
1 60 61 62 0.6697755299 0.5982069941 2.398907557 18.65143009 8.27769031 0.1201856414 -0.8884387222 0.442980867 -0.6748820411 0.2541307553 0.6927855294 -0.7280725528 -0.382222705 -0.5690484704 0
1 63 64 65 0.6969047252 0.6224373126 2.400698826 18.31148553 7.92580847 0.1201856414 -0.8884387222 0.442980867 -0.9777255806 -0.02858837841 0.2079312235 -0.1720700458 -0.4581040729 -0.872085178 0
1 66 67 68 0.5891722416 0.3649900018 1.876346403 18.65343032 8.745700984 0.7364219547 -0.6162315927 -0.2791797427 -0.07812487204 -0.4873711905 0.8696929499 -0.6719964352 -0.6186501005 -0.4070538591 0
1 69 70 71 0.5780202011 0.3580813544 1.551943576 18.32338951 8.729250514 0.7364219547 -0.6162315927 -0.2791797427 0.05301358131 -0.3588352551 0.9318942107 -0.6744421879 -0.7010676742 -0.2315855164 0
2 72 73 74 0.4935523966 0.5750458893 10.68279734 14.80239772 18.74536291 0.5981218538 -0.8014051709 0 -0.4678751529 -0.3491945946 0.8118842137 -0.650648207 -0.485605691 -0.5838184852 0
2 75 76 77 0.5515454923 0.6426145842 10.55916354 14.33868059 18.91011637 0.5981218538 -0.8014051709 0 -0.7356350231 -0.5490348699 0.3967389878 -0.3179486763 -0.2372982589 -0.9179314656 0
2 78 79 80 0.4427510305 0.2948609526 10.19671118 14.51660137 17.89704263 -0.0384916345 -0.6862774893 -0.7263205916 0.6894980403 -0.5443417933 0.4777912353 -0.7232640227 -0.4824056589 0.4941395893 0
2 81 82 83 0.4476600486 0.2981302341 10.27367596 14.16896242 18.36651211 -0.0384916345 -0.6862774893 -0.7263205916 -0.2376214978 -0.6997227638 0.6737388794 -0.9705948783 0.1985226975 -0.136140812 0
2 84 85 86 0.4374650249 0.2764464749 10.33469084 15.1887772 17.678291 0.1388446865 0.2016339448 -0.969569959 0.5161437624 -0.8502963034 -0.1029165334 -0.8451732187 -0.4861480727 -0.2221312266 0
2 87 88 89 0.4561079605 0.2882274712 10.53528943 15.30485538 17.98300701 0.1388446865 0.2016339448 -0.969569959 0.5064736555 -0.8557840287 -0.105442555 -0.8510032839 -0.4764215029 -0.2209433463 0
2 90 91 92 0.4490869112 0.3514216019 10.63757501 13.96462479 17.89671888 -0.446943339 -0.2681345206 -0.8534316203 -0.2214425614 0.9574917394 -0.1848587596 0.8667207415 0.1063646928 -0.4873209501 0
2 93 94 95 0.5120413035 0.4006849691 10.53131229 13.82406603 18.36681001 -0.446943339 -0.2681345206 -0.8534316203 0.546495886 0.6734587988 -0.4977906116 0.7082258809 -0.6888810675 -0.1544635118 0
2 96 97 98 0.3892273377 0.2094260413 10.77606577 14.63609803 17.67695689 -0.1579958927 0.5417738825 -0.8255412516 0.851145383 0.4985581906 0.1642901935 0.5005884886 -0.676698449 -0.5398984851 0
2 99 100 101 0.3958988202 0.2130156714 10.79343686 14.95925641 17.98229455 -0.1579958927 0.5417738825 -0.8255412516 0.9375478679 -0.1800826899 -0.2976142136 -0.3099052973 -0.8210062637 -0.4794866231 0
2 102 103 104 0.4443769439 0.3070005469 10.48920738 14.46502452 17.12836461 0.1917218258 0.9323540803 -0.306526688 0.9281099472 -0.2737929755 -0.2522881932 -0.3191467803 -0.2361213152 -0.9178191854 0
2 105 106 107 0.4528323173 0.3128419937 10.30597988 14.67210472 17.12898626 0.1917218258 0.9323540803 -0.306526688 0.9805968332 -0.1949875945 0.02024076899 -0.04089733797 -0.3044596967 -0.9516468362 0
3 108 109 110 0.5091264164 0.5213237644 15.58309415 19.28100979 6.375445692 -0.8976462535 0 -0.4407166931 0.3694581871 0.5451904535 -0.7525078188 0.2402745338 -0.8383122147 -0.489388168 0
3 111 112 113 0.5090831367 0.5212794478 15.69267745 19.67713049 5.938005287 -0.8976462535 0 -0.4407166931 0.2765739258 0.7785723034 -0.5633223162 0.3431298109 -0.6275549126 -0.6988825112 0
3 114 115 116 0.417850487 0.3477427827 16.24183833 19.2764451 5.704171948 -0.08168560239 0 -0.9966581472 0.7100952114 -0.7016962745 -0.05819904775 -0.6993513088 -0.712476202 0.05731848288 0
3 117 118 119 0.4643539796 0.3864438359 16.08192249 19.67713049 5.554411767 -0.08168560239 0 -0.9966581472 0.7572042409 -0.650223257 -0.06206008021 -0.6480503066 -0.7597431909 0.05311387844 0
3 120 121 122 0.4675517772 0.3655480768 16.12805 18.7154245 6.352667443 -0.2777884401 -0.9568948932 0.08476877905 -0.847265495 0.2856350892 0.4478323089 -0.4527413871 0.05258097694 -0.8900901512 0
3 123 124 125 0.5504927917 0.4303942175 15.85855085 18.71998919 6.640347668 -0.2777884401 -0.9568948932 0.08476877905 -0.5157818814 0.2230106182 0.8271851757 -0.8104336082 0.1860602793 -0.5554988201 0
3 126 127 128 0.411441732 0.3764375615 15.53058084 19.26976399 5.367241574 0.7122585763 0 -0.7019171749 0.3441962718 -0.8715166377 0.3492673427 -0.6117324962 -0.490365935 -0.6207451996 0
3 129 130 131 0.4905414647 0.4488077373 15.64360042 19.67713049 5.339209118 0.7122585763 0 -0.7019171749 -0.1212061812 -0.9849781972 -0.1229919215 -0.6913731135 0.1726787512 -0.7015591684 0
3 132 133 134 0.4412891529 0.3074541967 15.38267201 18.7031983 6.000266515 0.3632275846 -0.8527203329 0.3754114484 -0.8386276774 -0.1236809827 0.5304777405 -0.4059178986 -0.5075145795 -0.7600392169 0
3 135 136 137 0.513448949 0.357729242 15.38610828 18.7144441 6.409674464 0.3632275846 -0.8527203329 0.3754114484 -0.8966297477 -0.2104132146 0.3895912919 -0.2532208864 -0.4781153762 -0.8410023006 0
3 138 139 140 0.3834228151 0.212041177 15.79882082 18.69383688 5.598210942 -0.1422091941 -0.6768488579 0.7222549195 -0.7771115784 0.528288213 0.3420660153 -0.6130857525 -0.5126277281 -0.6011145253 0
3 141 142 143 0.3909391354 0.216197866 16.07175625 18.70051799 5.719938666 -0.1422091941 -0.6768488579 0.7222549195 -0.838081236 0.4705860063 0.2759866889 -0.5266843333 -0.566060451 -0.6341759841 0
4 144 145 146 0.1222250047 0.1627326268 0.5461657331 19.87990013 14.67697408 -0.737110017 0 -0.6757727598 0.4406185948 0.7582001892 -0.4806118257 0.5123710343 -0.6520218348 -0.5588769543 0
4 147 148 149 0.1523684793 0.2028662052 0.5812966296 19.69205552 14.4709222 -0.737110017 0 -0.6757727598 0.3289373607 0.8735372218 -0.3587937218 0.5903126592 -0.4867573544 -0.6438930364 0
4 150 151 152 0.1454631348 0.1850842383 0.5778184561 19.41627404 15.09418668 -0.7044241464 -0.7097746371 -0.002566415396 -0.7014186576 0.6955687136 0.1555507358 -0.1086208488 0.1113738259 -0.9878245705 0
4 153 154 155 0.1479472382 0.1882449594 0.5812966296 19.41313916 14.72369294 -0.7044241464 -0.7097746371 -0.002566415396 -0.421253205 0.4209823247 -0.803317882 0.5712550737 -0.5647954026 -0.5955449554 0
4 156 157 158 0.1421360024 0.1735458844 0.5778184561 19.69519039 15.39697145 -0.6759708418 0 0.736928369 -0.237576991 0.9466075562 -0.2179250052 -0.6975819624 -0.3223881737 -0.6398791067 0
4 159 160 161 0.1195231083 0.1459358866 0.5461657331 19.87990013 15.23252958 -0.6759708418 0 0.736928369 -0.2720245905 0.9293765746 -0.2495231548 -0.6848839633 -0.3691330148 -0.6282314655 0
4 162 163 164 0.121163864 0.1609450149 0.1183028201 19.44811111 14.6755339 0 -0.7409832613 0.6715234966 -0.9209070437 0.2617479519 0.2888221366 -0.3897822686 -0.618410718 -0.6823767046 0
4 165 166 167 0.1521653175 0.202125027 0.3044828245 19.41313916 14.46991369 0 -0.7409832613 0.6715234966 -0.5572031342 0.5576171429 0.6152948798 -0.8303762203 -0.374174997 -0.4128781956 0
4 168 169 170 0.09042632122 0.08138369686 0.1183028201 19.72702747 14.97831866 0 0 1 -0.9982521134 -0.05909922325 0 0.05909922325 -0.9982521134 0 0
4 171 172 173 0.0907048851 0.08163440437 0.269351928 19.87990013 14.97875033 0 0 1 -0.6554571241 0.755232387 0 -0.755232387 -0.6554571241 0 0
4 174 175 176 0.1183757017 0.1437746703 0.1183028201 19.44811111 15.2310894 0 0.6775226162 0.7355019406 0.853195712 0.3836311263 -0.3533896377 -0.5215909097 0.6275271019 -0.5780593909 0
4 177 178 179 0.1416587681 0.1720534061 0.301004651 19.41627404 15.39596293 0 0.6775226162 0.7355019406 -0.2716424599 0.7078457738 -0.6520465739 -0.9623982409 -0.1997935564 0.1840439101 0
5 180 181 182 1.575557444 1.351930947 14.92633249 7.04227054 1.463714734 0.9234075871 -0.3838208281 0 -0.3701171562 -0.8904388849 0.2648242492 -0.1016450626 -0.2445407209 -0.9642966956 0
5 183 184 185 1.684716117 1.445596201 15.0379246 7.650124279 1.67027503 0.9234075871 -0.3838208281 0 -0.2761801093 -0.6644423379 0.6944356895 -0.2665388814 -0.6412471844 -0.7195547743 0
5 186 187 188 1.931593027 0.7793384664 14.26552254 7.591194003 3.164557691 0.1291972255 0.1082348096 0.9856943253 -0.9334976169 0.3485870709 0.08407885157 -0.3345000391 -0.931006058 0.1460734192 0
5 189 190 191 1.973679818 0.7963191941 14.63571192 7.987597965 2.706823296 0.1291972255 0.1082348096 0.9856943253 -0.405633552 0.9128232192 -0.04706582622 -0.9048588279 -0.3937499162 0.1618378976 0
5 192 193 194 1.456392429 0.6793067109 14.16162856 6.717471727 2.87771533 0.02993449789 -0.7115480783 0.7019994716 -0.8550569131 0.3455006644 0.386661307 -0.5176693938 -0.6118240132 -0.5980717144 0
5 195 196 197 1.422950123 0.6637081796 14.42022583 6.50602195 2.21342064 0.02993449789 -0.7115480783 0.7019994716 -0.2167353627 0.6809847507 0.6994894938 -0.9757713402 -0.1730869769 -0.1338326943 0
5 198 199 200 1.857875443 0.6996193438 15.28283239 7.18215531 3.182773572 -0.2846621629 0.2694618803 0.9199770367 -0.4056979002 0.8356394573 -0.3702916568 -0.8685485978 -0.478640776 -0.1285548163 0
5 201 202 203 1.894334454 0.7133486976 15.2514521 7.733687316 2.719155782 -0.2846621629 0.2694618803 0.9199770367 -0.3272315003 0.8747238239 -0.3574601755 -0.9010477225 -0.4028008526 -0.1608243603 0
5 204 205 206 1.458330156 0.6911768096 15.10331791 6.337884371 2.883553322 -0.4796255269 -0.5110167939 0.7133170335 -0.772629721 -0.139390688 -0.6193654417 0.4159358943 -0.8481934169 -0.3279714307 0
5 207 208 209 1.436551864 0.6808549699 14.96034552 6.281562638 2.213375236 -0.4796255269 -0.5110167939 0.7133170335 -0.8133836521 -0.04605378963 -0.5799017873 0.3291905047 -0.8583361141 -0.393564133 0
5 210 211 212 1.961609011 0.9614070268 14.70038074 6.53216516 4.023510677 -0.1254871595 -0.8791502988 -0.4597257062 -0.9610971142 0.2226563093 -0.1634518431 0.2460595657 0.421329942 -0.8728893229 0
5 213 214 215 2.004316251 0.9823383336 14.29881107 6.687293204 4.017627282 -0.1254871595 -0.8791502988 -0.4597257062 -0.3130461911 -0.4046266931 0.8592318205 -0.941411204 0.2517379418 -0.2244391981 0
6 216 217 218 0.5192163568 0.4866439922 1.178280314 12.42456029 19.71871075 -0.9880461807 0.1541581814 0 0.04493080863 0.287975075 -0.9565832837 -0.1474651394 -0.9451484599 -0.2914591248 0
6 219 220 221 0.5217645074 0.4890322879 1.187456751 12.76357697 19.35043904 -0.9880461807 0.1541581814 0 0.06007620218 0.3850464606 -0.9209397772 -0.1419704012 -0.9099310294 -0.3897049228 0
6 222 223 224 0.3431725185 0.2317660415 1.165410915 12.33411026 18.85060522 -0.7119533605 0.01833084381 -0.701987459 0.6567047587 0.3714458322 -0.6563283124 0.2487192641 -0.9282736525 -0.2764900608 0
6 225 226 227 0.4272774796 0.2885674253 1.187456751 12.69490987 18.83072786 -0.7119533605 0.01833084381 -0.701987459 0.2396759147 0.9459741846 -0.218376505 0.6600589885 -0.323723373 -0.6778829615 0
6 228 229 230 0.3483710314 0.2458804555 1.165410915 11.84722185 19.3703164 -0.7440398864 -0.6681352015 0 -0.6368084875 0.7091542454 -0.3026139562 0.2021870366 -0.2251568536 -0.9531132113 0
6 231 232 233 0.4491762718 0.3170288467 1.178280314 11.86900479 19.71871075 -0.7440398864 -0.6681352015 0 -0.6652970586 0.7408793112 -0.09207426396 0.06151805691 -0.06850692489 -0.9957521428 0
6 234 235 236 0.5223408131 0.4982001404 0.2855509768 12.44551084 18.83801505 0 -0.1309871064 -0.9913840719 0.6265423411 -0.7726722386 0.1020896982 -0.7793873843 -0.6211440974 0.08206896829 0
6 237 238 239 0.5236035596 0.4994045274 0.660367394 12.77714807 18.83072786 0 -0.1309871064 -0.9913840719 0.3303781731 -0.9357165119 0.1236320027 -0.943848644 -0.3275316585 0.0432752809 0
6 240 241 242 0.5153973735 0.4638576804 0.2855509768 11.95862244 19.35772622 0 -1 0 -0.2516838043 5.551115123e-17 0.9678095178 -0.9678095178 -0 -0.2516838043 0
6 243 244 245 0.5142529281 0.4628276794 0.6511909563 11.95124299 19.71871075 0 -1 0 -0.2856163427 0 0.958344043 -0.958344043 -0 -0.2856163427 0
6 246 247 248 0.4463020133 0.3133475772 0.2855509768 11.88995534 18.83801505 0 -0.6836863768 0.7297759507 -0.6454591997 0.5573990405 0.5221960659 -0.7637947509 -0.471040601 -0.4412916616 0
6 249 250 251 0.3478092259 0.2441960265 0.638321558 11.86079295 18.85060522 0 -0.6836863768 0.7297759507 -0.700425613 0.5208596395 0.4879643395 -0.7137254099 -0.5111537676 -0.4788714496 0
7 252 253 254 0.3983448062 0.1947341116 17.73111749 18.04867053 10.8556932 0.5081301057 -0.717768002 -0.4760387494 0.173216919 -0.4562525014 0.8728284791 -0.8436822237 -0.5259683929 -0.1075060699 0
7 255 256 257 0.3632216152 0.1775638528 17.72223822 17.70414029 10.62594837 0.5081301057 -0.717768002 -0.4760387494 -0.1861420131 -0.6311676235 0.7529798019 -0.8409250541 -0.2940008952 -0.454322052 0
7 258 259 260 0.3679087317 0.1647027025 16.53662627 18.28754382 10.22863275 -0.1762756149 -0.5479110709 -0.8177532427 -0.5159284782 -0.6560777393 0.5507992423 -0.8382987015 0.5189946612 -0.1670324181 0
7 261 262 263 0.3926280456 0.175768865 17.01502997 17.85547702 10.24302653 -0.1762756149 -0.5479110709 -0.8177532427 0.7333557852 -0.6272528481 0.2621891625 -0.6565943953 -0.5534865155 0.5123831351 0
7 264 265 266 0.5128431451 0.4819865076 16.50970747 18.87033413 10.6115546 -0.4030298794 0 -0.9151868205 0.7265011553 -0.6081420097 -0.3199365052 -0.5565635523 -0.7938282535 0.2450994008 0
7 267 268 269 0.4443220069 0.4175881347 16.99699044 18.78279757 10.8556932 -0.4030298794 0 -0.9151868205 0.7826305364 -0.5183652596 -0.3446547564 -0.4744010538 -0.8551593171 0.208916688 0
7 270 271 272 0.4974003695 0.2950928874 17.4564194 17.07983923 9.418108431 -0.8502645913 0.1449621643 -0.5060000945 0.1697572692 0.9854815586 -0.002926986622 0.4982294595 -0.08838590733 -0.8625284558 0
7 273 274 275 0.4152261384 0.2463413532 17.57061676 17.08446918 9.739543883 -0.8502645913 0.1449621643 -0.5060000945 0.3898602982 0.8193211004 -0.4203830186 0.3536369221 -0.5547061432 -0.7531547132 0
7 276 277 278 0.3942362491 0.1898629993 17.39362499 17.69951033 9.817624513 -0.7071067812 0.7071067812 0 0.4646585711 0.4646585711 -0.7537803557 -0.533003201 -0.533003201 -0.6571264531 0
7 279 280 281 0.3944389629 0.1899606257 17.51670162 18.04867053 10.36880479 -0.7071067812 0.7071067812 0 0.2769939349 0.2769939349 -0.9200808226 -0.6505953889 -0.6505953889 -0.3917285794 0
7 282 283 284 0.5052988391 0.3386296029 16.67578274 17.86534131 9.421598998 -0.02350356577 0.820211901 0.5715767839 0.9452706134 -0.1678837277 0.2797829898 0.3254397791 0.546870635 -0.7713763405 0
7 285 286 287 0.5464111384 0.366181302 16.3115764 18.30203806 9.728640672 -0.02350356577 0.820211901 0.5715767839 0.9707402027 0.155394622 -0.1830736745 -0.2389791648 0.5505496789 -0.7998649947 0
8 288 289 290 0.1401167367 0.1189712788 0.1707497192 1.638858094 3.029829871 0 0.9985542418 0.05375338356 0.9293676347 0.01984335838 -0.3686218126 -0.3691555223 0.04995665494 -0.9280239938 0
8 291 292 293 0.07852636944 0.06667570779 0.3672938086 1.488609413 2.99128414 0 0.9985542418 0.05375338356 0.9032253905 -0.02306915206 0.4285460397 0.4291665107 0.04855142086 -0.901919545 0
8 294 295 296 0.1905424064 0.242508053 0.6479559343 0.6547721252 2.4901808 0.727212525 0 -0.6864123713 -0.2138150931 -0.9502472797 -0.2265242006 -0.6522614885 0.311496561 -0.6910317236 0
8 297 298 299 0.0849358082 0.1080999126 0.6529849905 0.9005928637 2.689967978 0.727212525 0 -0.6864123713 0.4665678169 -0.7334722313 0.4943004736 -0.5034644135 -0.6797194171 -0.5333901934 0
8 300 301 302 0.1904636537 0.2422318923 0.3622647525 0.9406651482 2.489978959 0 0.7271981466 -0.686427604 0.1868379579 -0.6743401259 -0.7143927296 -0.9823907458 -0.1282507318 -0.1358682167 0
8 303 304 305 0.1895452348 0.2410638462 0.1707497192 1.336734567 2.728311867 0 0.7271981466 -0.686427604 0.610502331 -0.5436605877 -0.575951447 -0.7920144594 -0.4190656523 -0.4439561636 0
8 306 307 308 0.08107338373 0.05631321866 0.6852233794 1.637608917 2.587237129 0.3968796972 -0.8168674605 -0.4185857832 -0.4499401329 -0.5706310174 0.6869746129 -0.8000252389 -0.0843077334 -0.5940133191 0
8 309 310 311 0.06482544324 0.04502747007 0.6529849905 1.488609413 2.72162162 0.3968796972 -0.8168674605 -0.4185857832 0.06053955221 -0.4317507469 0.8999590297 -0.9158719717 -0.3825164631 -0.1219003154 0
8 312 313 314 0.1653913722 0.1937396554 0.3995321975 1.92350194 2.587035288 0 -0.7078157365 -0.7063971144 0.9998411904 -0.01258882193 0.01261410344 -0.0178211684 -0.7062849317 0.7077033285 0
8 315 316 317 0.1858684465 0.2177265253 0.1707497192 1.924751117 2.75996551 0 -0.7078157365 -0.7063971144 0.9999771273 0.004777714255 -0.0047873091 0.00676349628 -0.7063809571 0.7077995468 0
8 318 319 320 0.1665988399 0.206099375 0.6852233794 1.33548539 2.285719126 -0.7068569512 0.7073563466 -0.000499395365 0.6149894777 0.6142061692 -0.4945085682 -0.3494870425 -0.3498539418 -0.8691726103 0
8 321 322 323 0.1872395274 0.2316339633 0.6479559343 0.9406651482 2.220316439 -0.7068569512 0.7073563466 -0.000499395365 0.578638757 0.577823873 -0.5755838433 -0.406854322 -0.4071444102 -0.8177426184 0
9 324 325 326 0.1422275225 0.171246158 6.072431313 18.19912289 0.3924325467 0.7851116864 -0.619354212 0 -0.2406569017 -0.3050637943 0.9214229957 -0.5706872134 -0.723419962 -0.3885610157 0
9 327 328 329 0.1695210414 0.2041083648 6.229268621 18.19345271 0.1696250335 0.7851116864 -0.619354212 0 -0.6192056064 -0.7849233095 0.02190468423 -0.01356675844 -0.01719762358 -0.9997600636 0
9 330 331 332 0.1756106584 0.232644046 5.901949418 19.0933694 0.3599196827 0.6654083702 0.7464795381 0 0.1140690083 -0.1016805807 0.9882556961 0.7377126555 -0.6575936121 -0.1528092901 0
9 333 334 335 0.1740860678 0.2306243114 6.154374352 18.73239219 0.1696250335 0.6654083702 0.7464795381 0 0.7148768237 -0.6372378584 -0.2878871978 -0.2149019025 0.1915625511 -0.957664326 0
9 336 337 338 0.1694479605 0.2125163948 5.650780133 19.0933694 0.6419856504 -7.156478628e-05 0.7066964835 0.7075168373 -0.442886693 0.6343213441 -0.633630657 -0.8965775884 -0.313395138 0.3129410735 0
9 339 340 341 0.1430762982 0.179441871 5.74636776 18.73806237 0.6744985144 -7.156478628e-05 0.7066964835 0.7075168373 -0.6240233943 0.552826101 -0.5522482281 -0.7814056554 -0.4415465798 0.4409555755 0
9 342 343 344 0.08058235983 0.07404854286 6.447250336 18.62140763 0.3670478319 -0.1376433136 0.9904818616 0 0.9470711859 0.1316107051 -0.2928050396 -0.2900180808 -0.04030265588 -0.9561721648 0
9 345 346 347 0.1340748526 0.1232037321 6.480409374 18.47519163 0.1696250335 -0.1376433136 0.9904818616 0 0.5815280997 0.08081264047 -0.8095025549 -0.8017975976 -0.111422614 -0.5871163544 0
9 348 349 350 0.06321282828 0.04579512498 6.196081052 18.62140763 0.6491137996 -0.4724395851 0.7808794933 0.4086906596 0.06054914908 0.4913634299 -0.8688473861 -0.8792807509 -0.3857320269 -0.2794211238 0
9 351 352 353 0.07480561354 0.05419362675 6.072402783 18.48086181 0.6744985144 -0.4724395851 0.7808794933 0.4086906596 0.07526158618 0.4977524897 -0.8640475407 -0.8781437992 -0.3774515544 -0.293928209 0
9 354 355 356 0.08646739037 0.1144697412 6.121186782 19.1603471 0.6491137996 -0.6650202541 0 0.746825322 -0.3566860907 0.8785757091 -0.3176157365 -0.6561425869 -0.4776031023 -0.5842706414 0
9 357 358 359 0.1755423596 0.2323915223 5.901920887 19.37510832 0.6419856504 -0.6650202541 0 0.746825322 -0.2478054747 0.9433455948 -0.2206615857 -0.7045143776 -0.3318118273 -0.6273439272 0
10 360 361 362 0.8659553323 0.9618969444 1.194158652 12.98618336 6.3139878 0 -0.9815207867 0.1913555466 -0.6237038543 0.1495751169 0.767216258 -0.7816607334 -0.1193491919 -0.6121782977 0
10 363 364 365 0.7551659374 0.8388328828 1.294520624 13.30812421 5.70144307 0 -0.9815207867 0.1913555466 -0.1628109471 0.1888023438 0.9684246333 -0.9866572837 -0.03115477777 -0.1598023289 0
10 366 367 368 0.7377010037 0.4262955564 2.448134731 13.97906543 5.434144249 0.8615564186 0.1588101112 -0.4821824199 0.4349196084 -0.7208074996 0.5397049961 -0.261850094 -0.6746968928 -0.6900859593 0
10 369 370 371 0.7174102748 0.4145701452 2.028935596 13.88530936 5.204282513 0.8615564186 0.1588101112 -0.4821824199 0.1990582968 -0.9794287422 0.03309279881 -0.46700785 -0.1244937245 -0.8754455897 0
10 372 373 374 1.026184397 0.4894897358 2.339459744 13.52458003 6.279536049 0.7576765021 -0.3863953911 0.5259514426 -0.5898450664 -0.06054054627 0.8052438387 -0.2793011203 -0.9203441987 -0.2737835644 0
10 375 376 377 1.056077794 0.5037488797 1.819898638 13.1088831 6.662219045 0.7576765021 -0.3863953911 0.5259514426 -0.501164373 0.1717397564 0.8481389788 -0.418043765 -0.9062030997 -0.06352442602 0
10 378 379 380 0.6223473338 0.2908601093 2.435449348 13.21785914 5.551781789 0.6967943501 0.5414089395 -0.4704827244 0.2155578766 -0.7836751524 -0.5825702167 -0.6841143439 0.3045153784 -0.6627653798 0
10 381 382 383 0.5936009292 0.2774251961 2.031047477 13.43859437 5.290267222 0.6967943501 0.5414089395 -0.4704827244 -0.01532862854 -0.6445446195 -0.764413021 -0.7171071516 0.539850529 -0.4408159927 0
10 384 385 386 0.9731329848 0.5282175681 2.301422284 12.67348304 6.401982699 0.8621965565 0.03993292292 0.5049974848 -0.3395582029 0.7853360036 0.5176365408 -0.3759219665 -0.6177804813 0.6906735495 0
10 387 388 389 1.172095252 0.636214488 1.796658442 12.57227742 6.753012862 0.8621965565 0.03993292292 0.5049974848 0.148591463 0.9331010271 -0.3274798471 -0.4842908993 0.3573903116 0.798582801 0
10 390 391 392 0.9741691293 0.4383629203 3.229397764 13.36387276 5.828290512 0.04387577776 -0.4881782566 0.8716403535 -0.2269289634 0.8448041806 0.4845710907 -0.9729224849 -0.2190613753 -0.07371534523 0
10 393 394 395 1.038414741 0.4672725759 3.244195027 13.67836406 5.79663768 0.04387577776 -0.4881782566 0.8716403535 -0.9988345584 -0.003872377709 0.04810955841 -0.02011071968 -0.8727353519 -0.4877792169 0
11 396 397 398 0.6751285025 0.4376435781 14.38345137 14.48945104 5.446140825 0.4214365053 0.1207631858 0.898781133 -0.4127473457 0.9080325294 0.07153009287 -0.8074843036 -0.4011149193 0.4325227403 0
11 399 400 401 0.6417902322 0.4160324628 14.0493606 14.66012344 5.107941878 0.4214365053 0.1207631858 0.898781133 -0.1613112573 0.9852708259 -0.05674572969 -0.8923956243 -0.1210687926 0.434709555 0
11 402 403 404 0.5895628175 0.3974794823 13.29964351 13.2806607 4.473949303 -0.4571910224 -0.8830510822 0.1058166112 -0.8869201522 0.4615161663 0.01937709912 -0.0659470451 -0.08499184919 -0.9941968481 0
11 405 406 407 0.5645926058 0.3806447252 13.4075301 13.91025892 4.55252537 -0.4571910224 -0.8830510822 0.1058166112 -0.8890246328 0.4504595693 -0.08198401473 0.0247299678 -0.1315559295 -0.9910002352 0
11 408 409 410 0.7053777843 0.2733027724 13.765454 13.02287736 4.964754488 0.1115685518 -0.8451712442 0.5227217484 -0.9874785547 -0.03525438894 0.1537635593 -0.1115283029 -0.5333316942 -0.8385217598 0
11 411 412 413 0.7187833778 0.2784968485 14.20743135 13.48180318 5.381529502 0.1115685518 -0.8451712442 0.5227217484 -0.9881961565 -0.03878895661 0.1482017988 -0.1049800675 -0.5330862827 -0.8395226028 0
11 414 415 416 0.5483666828 0.2335205913 13.77589969 13.39160178 5.593050796 -0.5656349119 -0.63710334 -0.5235995422 -0.5686514323 0.7611669547 -0.3118660219 0.5972375532 0.1213433199 -0.7928323301 0
11 417 418 419 0.5220727499 0.2223233852 13.694781 13.96483578 5.204995784 -0.5656349119 -0.63710334 -0.5235995422 -0.07058755309 0.6700056952 -0.738992399 0.8216292009 -0.38104029 -0.4239501782 0
11 420 421 422 0.8356082652 0.3488296069 14.32207054 13.13691086 6.230852943 -0.1511921446 -0.9883811739 -0.01560738849 0.01594015397 -0.01822458748 0.999706845 -0.9883758632 0.1508990377 0.01851036255 0
11 423 424 425 0.8517704106 0.35557659 14.57504262 13.53947245 6.180996878 -0.1511921446 -0.9883811739 -0.01560738849 -0.01883740819 -0.01290519424 0.99973927 -0.9883248896 0.1514467271 -0.01666737563 0
11 426 427 428 0.7666101477 0.434414734 13.52259424 12.35976774 5.472041202 0.547449269 -0.4938791841 0.6755609886 -0.8363354642 -0.2948980794 0.4621451223 -0.02902221787 -0.8179966224 -0.5744904147 0
11 429 430 431 0.7996180363 0.453119304 13.33358897 12.30340352 5.005410123 0.547449269 -0.4938791841 0.6755609886 -0.743940164 0.08245322729 0.663139878 -0.3832131656 -0.8656123941 -0.3222776022 0
12 432 433 434 0.1419789777 0.17114838 4.608319777 19.40895477 19.70035031 -0.7339128485 0.6792436461 0 0.1273778889 0.1376299503 -0.9822590647 -0.6671932285 -0.7208925481 -0.1875290106 0
12 435 436 437 0.1186102065 0.1429785242 4.772033633 19.44057402 19.8822996 -0.7339128485 0.6792436461 0 0.579145564 0.6257583314 -0.5225102165 -0.3549117446 -0.3834769614 -0.852633024 0
12 438 439 440 0.1531786788 0.2029267923 5.534089648 19.40565803 19.69664171 0.6654083702 0.7464795381 0 0.5841909693 -0.5207450988 -0.622531488 -0.4647070176 0.4142376628 -0.7825947524 0
12 441 442 443 0.12158596 0.1610736497 5.327589176 19.44057402 19.8822996 0.6654083702 0.7464795381 0 -0.3379640574 0.3012595807 -0.8916406008 -0.6655914638 0.593305119 0.4527439001 0
12 444 445 446 0.1487480618 0.1884931917 5.281489138 19.40565803 19.42040326 -0.003699602461 0.7140377769 -0.7000973976 0.7091060151 -0.4917667121 -0.5053060066 -0.7050921729 -0.4983127071 -0.5045091412 0
12 447 448 449 0.1460986981 0.1851359242 4.911274808 19.40895477 19.42411187 -0.003699602461 0.7140377769 -0.7000973976 0.408797453 -0.6378500623 -0.6527112228 -0.9126176392 -0.2886128051 -0.2895370329 0
12 450 451 452 0.09213338003 0.082920044 5.022459974 19.87764231 19.7317028 1 0 0 0 -0.7880975001 0.6155504287 0 -0.6155504287 -0.7880975001 0
12 453 454 455 0.09141164554 0.08227048295 5.023174387 19.72231293 19.8822996 1 0 0 0 -0.2460797119 0.969249594 0 -0.969249594 -0.2460797119 0
12 456 457 458 0.1214908674 0.1481642537 4.769859463 19.87764231 19.45546436 0.7389379483 0 -0.6737734846 0.05305193561 -0.9968953022 0.05818288987 -0.6716816215 -0.07873853279 -0.7366437692 0
12 459 460 461 0.1430320015 0.1744347556 4.60686002 19.69069369 19.42411187 0.7389379483 0 -0.6737734846 0.08068206625 -0.9928044914 0.08848528751 -0.6689253417 -0.1197465737 -0.7336209139 0
12 462 463 464 0.124374713 0.1661346626 5.325415005 19.87764231 19.45546436 -0.674826894 0 -0.7379760586 0.7304549534 0.1424050313 -0.6679493754 0.1050915037 -0.9898084699 -0.09609874495 0
12 465 466 467 0.1538991593 0.2055722121 5.532629891 19.68739695 19.42040326 -0.674826894 0 -0.7379760586 0.1768959102 -0.9708459864 -0.1617587946 -0.7164610946 -0.2397041316 0.6551529816 0
13 468 469 470 1.386968588 0.8359040607 17.40156124 17.66572965 4.208368946 -0.7087765257 0.7054329293 -0.000467906157 0.101260368 0.1010838548 -0.9897112671 -0.6981276205 -0.7015314936 -0.1430782615 0
13 471 472 473 1.288498685 0.7765578057 17.16099596 17.57102707 3.76677473 -0.7087765257 0.7054329293 -0.000467906157 0.5183253909 0.520331984 -0.678670329 -0.4785129317 -0.4812681255 -0.7344428947 0
13 474 475 476 1.195417608 0.569618236 16.63640577 16.48048612 4.107365529 -0.9926998344 -0.1142266403 -0.03872096833 -0.06541857779 0.7796451382 -0.6227952056 0.1013284186 -0.6157156268 -0.781426144 0
13 477 478 479 1.165236834 0.555237053 16.69591485 16.86460807 3.726086088 -0.9926998344 -0.1142266403 -0.03872096833 0.01465191485 0.2044518753 -0.9787669549 0.1197178355 -0.9721891304 -0.2012857037 0
13 480 481 482 1.439086962 0.7421016663 17.01225129 16.57641662 4.765234605 -0.7390568105 -0.02754980864 0.673079519 -0.2912816951 0.9139978802 -0.2824231736 -0.6074125492 -0.4047825132 -0.6835211131 0
13 483 484 485 1.480778243 0.763600832 17.31232566 17.05524115 4.82554938 -0.7390568105 -0.02754980864 0.673079519 -0.3979571304 0.8240324847 -0.4032376303 -0.5435302689 -0.5658723108 -0.6199704627 0
13 486 487 488 1.347402682 0.8026079221 15.63723482 17.46796197 4.122344306 -0.5404375317 -0.8400171492 -0.04794229212 -0.4703953042 0.2544098528 0.8449875056 -0.6976070041 0.4792147909 -0.5326327553 0
13 489 490 491 1.258751174 0.7498008411 16.11311167 17.44148431 3.725591606 -0.5404375317 -0.8400171492 -0.04794229212 -0.04823824585 -0.02595251192 0.9984986423 -0.840000206 0.5419387937 -0.02649524228 0
13 492 493 494 1.533719834 0.84818051 15.97609756 17.6068202 4.777702132 -0.1422091941 -0.6768488579 0.7222549195 -0.9805053565 0.1962807542 -0.009116548791 -0.1355942147 -0.7094712743 -0.6915668586 0
13 495 496 497 1.511263542 0.8357616905 16.69253968 17.67504513 4.822543648 -0.1422091941 -0.6768488579 0.7222549195 -0.9228089848 0.3545990921 0.1506089687 -0.3580504472 -0.6450853489 -0.6750294585 0
13 498 499 500 1.552275951 1.006243403 15.48759935 16.85786994 4.717703117 0.4214365053 0.1207631858 0.898781133 0.02028503023 0.9895903423 -0.1424762157 -0.9066310107 0.07827648089 0.4145998107 0
13 501 502 503 1.456287568 0.9440201375 15.90396711 16.44727034 4.702229859 0.4214365053 0.1207631858 0.898781133 -0.04638514639 0.9926669064 -0.1116280931 -0.9056708509 0.005354059035 0.42394769 0
14 504 505 506 0.4480613036 0.3988351922 9.656697672 11.8279564 19.33515999 -0.4425628419 0.8967374928 0 0.6564951335 0.3239971054 -0.6812048263 -0.610861908 -0.3014759438 -0.7320928798 0
14 507 508 509 0.4714184487 0.4196262121 9.851210297 11.93584919 19.70949897 -0.4425628419 0.8967374928 0 0.3526382138 0.1740359596 -0.9194333988 -0.8244904009 -0.4069070579 -0.3932457566 0
14 510 511 512 0.3857756478 0.3020946644 10.45718859 11.98004323 19.34392455 0.3732511104 0.9277303534 0 0.9187766501 -0.3696487924 0.1385973938 0.1285810091 -0.05173163113 -0.9903488085 0
14 513 514 515 0.4370351994 0.3422351894 10.33812461 12.02449767 19.70949897 0.3732511104 0.9277303534 0 0.4879877576 -0.1963307244 -0.8504835067 -0.7890193642 0.3174439132 -0.5260017157 0
14 516 517 518 0.3767826963 0.2728135673 10.17177119 11.80728775 18.80046875 -0.06843312354 0.6097032542 -0.789670089 0.4157458875 -0.7020952681 -0.5781155521 -0.9069025662 -0.3678643449 -0.2054350483 0
14 519 520 521 0.4116125124 0.2980324707 9.85819459 11.7438494 18.79170419 -0.06843312354 0.6097032542 -0.789670089 0.4463277027 -0.6891874376 -0.5707996651 -0.8922491185 -0.3915132407 -0.2249642037 0
14 522 523 524 0.4862647036 0.4912575697 10.05251118 12.82250288 19.32889601 0.983827706 0.1791174051 0 0.1393032929 -0.7651430581 0.6286101281 0.112595015 -0.6184440604 -0.777720584 0
14 525 526 527 0.489264501 0.4942881684 10.0895316 12.52820619 19.70949897 0.983827706 0.1791174051 0 0.04136200807 -0.2271866851 0.972972453 0.174276301 -0.9572372565 -0.2309212108 0
14 528 529 530 0.4649377621 0.3959355519 9.766129739 12.65150635 18.78576617 0.3429116683 -0.1408153607 -0.9287532621 0.4632365922 -0.8347726696 0.2976011589 -0.8172046546 -0.532283406 -0.221022461 0
14 531 532 533 0.4457245325 0.3795737907 9.608637532 12.24931686 18.79203015 0.3429116683 -0.1408153607 -0.9287532621 0.9182600075 -0.1581657929 0.3630180996 -0.1980155207 -0.9773201196 0.07506821824 0
14 534 535 536 0.4421829592 0.3460190889 10.25489519 12.74045322 18.78558965 -0.446943339 -0.2681345206 -0.8534316203 0.8086152938 -0.529125638 -0.2572301809 -0.3826002593 -0.8050651763 0.4533068536 0
14 537 538 539 0.3883207131 0.3038705508 10.41097959 12.40170209 18.80061819 -0.446943339 -0.2681345206 -0.8534316203 0.5056587622 0.711260233 -0.4882807565 0.7379368997 -0.6497790085 -0.1823084536 0
15 540 541 542 0.1361445669 0.115700914 16.69699873 0.1664115356 18.35831266 -0.05045819688 0 -0.9987261739 0.6486269422 -0.7604006825 -0.0327702896 -0.7594320643 -0.649454234 0.03836844735 0
15 543 544 545 0.1397067006 0.1187281529 16.34438963 0.3551205697 18.51307026 -0.05045819688 0 -0.9987261739 0.9383415533 -0.3424436692 -0.04740741164 -0.3420074556 -0.9395383619 0.01727909008 0
15 546 547 548 0.1870932923 0.2284380475 16.27315505 0.6681118661 19.30225096 -0.736928369 0.6759708418 0 0.5005853487 0.5457270073 -0.6720091831 -0.4542586132 -0.4952226312 -0.740542813 0
15 549 550 551 0.150839222 0.1841723823 16.07230031 0.6319343748 19.10066779 -0.736928369 0.6759708418 0 0.5367822891 0.5851881062 -0.6077990248 -0.4108544184 -0.447904344 -0.7940908925 0
15 552 553 554 0.1881180251 0.2390896166 16.84528747 0.391298061 19.01646274 0.68722128 0 -0.7264481484 0.4137688363 -0.8219373308 0.3914260776 -0.5970948521 -0.5695779351 -0.5648528246 0
15 555 556 557 0.1842699214 0.2341988485 16.99704184 0.1664115356 18.66012197 0.68722128 0 -0.7264481484 -0.1091877907 -0.9886398839 -0.1032918502 -0.7181956131 0.1503036259 -0.6794143665 0
15 558 559 560 0.0929156476 0.06597037639 16.20281512 0.644705982 18.38921655 -0.3863683992 0.3930771917 0.8343918632 0.6951313761 0.7186890254 -0.01668696381 -0.6062275399 0.5735646486 -0.5509190175 0
15 561 562 563 0.1193204473 0.08471785991 16.04261338 0.6319343748 18.51307026 -0.3863683992 0.3930771917 0.8343918632 0.4956316748 0.8514137925 -0.1715919487 -0.777861622 0.3472533301 -0.5237808909 0
15 564 565 566 0.1067756837 0.1254485033 16.77494755 0.3678921769 18.10342833 0.7050286595 0 0.7091788133 0.6094506109 0.5113457187 -0.6058840721 -0.3626355499 0.8593750962 0.3605133866 0
15 567 568 569 0.1808513937 0.2124784958 16.96735491 0.1664115356 18.07252444 0.7050286595 0 0.7091788133 -0.05071670031 -0.9974395469 0.05041990337 0.7073629942 -0.07151468622 -0.7032234667 0
15 570 571 572 0.09370641757 0.06723319759 16.50285823 0.644705982 18.69102586 0.8209959064 -0.3972209746 -0.4100990357 -0.2493410253 -0.895631226 0.3683391917 -0.5136095548 -0.2001504545 -0.8343530552 0
15 573 574 575 0.08789927799 0.06306664665 16.54351122 0.6681118661 19.01646274 0.8209959064 -0.3972209746 -0.4100990357 0.1509652202 -0.5416942921 0.8269079732 -0.5506134978 -0.7407987522 -0.3847622445 0
16 576 577 578 0.9665046946 0.9254985441 18.30951756 11.18480695 4.267250357 0 0.9315066059 -0.3637244054 -0.08709782927 -0.3623421666 -0.9279666602 -0.9961997632 0.03167960617 0.08113220333 0
16 579 580 581 0.6814489062 0.6525368931 17.85572037 11.4284121 3.915043897 0 0.9315066059 -0.3637244054 0.9586499538 -0.1035115604 -0.2650954978 -0.2845878882 -0.3486843845 -0.8929887647 0
16 582 583 584 0.5992402051 0.2115586303 15.97466531 10.90899187 4.349272922 -0.9749117408 0.214517989 -0.05940648164 0.1596110372 0.4876882199 -0.858303278 -0.1551496518 -0.846251873 -0.5096924102 0
16 585 586 587 0.593862252 0.209659972 16.45311655 11.25064928 4.019495884 -0.9749117408 0.214517989 -0.05940648164 0.1804996052 0.6057035056 -0.7749471955 -0.1302573998 -0.7662279659 -0.6292278714 0
16 588 589 590 1.138399337 0.5463662408 16.64129081 10.49217365 4.854468846 -0.8616683872 -0.1266684725 0.4914088813 -0.4363674846 0.6792717858 -0.590062081 -0.2590579259 -0.7228726991 -0.6405810269 0
16 591 592 593 1.187939275 0.5701425632 17.57353924 10.59022591 4.876898268 -0.8616683872 -0.1266684725 0.4914088813 0.04513706888 0.9453790886 0.3228328109 -0.5054604194 0.300355584 -0.808885831 0
16 594 595 596 0.6586511816 0.2357798189 15.9692403 11.73375744 4.055522812 -0.9885227132 -0.1307163842 0.07573686294 0.05352626024 0.1657569204 0.9847129444 -0.1412720247 0.9774650225 -0.1568577215 0
16 597 598 599 0.5990838598 0.2144562826 16.45281102 11.72928916 3.832609506 -0.9885227132 -0.1307163842 0.07573686294 0.1510718612 -0.8565575043 0.4934435476 0.0003718219418 0.4992218633 0.8664741156 0
16 600 601 602 1.033817565 0.3987087356 16.6044082 11.39042346 4.548309068 -0.6924091226 -0.4769549209 0.5413719705 -0.6987953612 0.6300864539 -0.3386386036 -0.1795957967 -0.61278468 -0.7695714949 0
16 603 604 605 0.9996862002 0.3855454136 17.5417761 11.14235004 4.677602221 -0.6924091226 -0.4769549209 0.5413719705 -0.4096656478 0.8775466328 0.2491705526 -0.593922271 -0.04925353528 -0.8030133407 0
16 606 607 608 1.021689369 0.5789603969 14.97872833 11.22210756 4.613748149 0.547449269 -0.4938791841 0.6755609886 -0.5836339652 0.3532087354 0.731173703 -0.5997255143 -0.7945608477 -0.09488080254 0
16 609 610 611 1.108755837 0.6282983256 14.9838478 10.87598187 4.72061188 0.547449269 -0.4938791841 0.6755609886 -0.6654977801 0.2324977597 0.7092654626 -0.5073578644 -0.8378711973 -0.2013947721 0
17 612 613 614 0.5852501738 0.6818844544 1.198971045 10.42434203 14.78923251 0 -0.5981218538 0.8014051709 -0.9213486473 0.3115360635 0.2325122604 -0.3887372764 -0.7383735702 -0.551078761 0
17 615 616 617 0.6455242659 0.7521107751 0.5429861103 10.26435536 14.40757874 0 -0.5981218538 0.8014051709 -0.9887994952 0.1196097105 0.08926967832 -0.149249986 -0.7924290284 -0.5914225871 0
